Gp =
 
      40
  -----------
  0.1 s^2 + s
 
연속시간 전달 함수입니다.


G =
 
   0.01935 z + 0.01872
  ----------------------
  z^2 - 1.905 z + 0.9048
 
샘플 시간: 0.01 seconds
이산시간 전달 함수입니다.


Gc =
 
   0.01935 z + 0.01872
  ----------------------
  z^2 - 1.885 z + 0.9236
 
샘플 시간: 0.01 seconds
이산시간 전달 함수입니다.


zero =

   -0.9672


pole =

   0.9427 + 0.1865i
   0.9427 - 0.1865i


r =

    0.9610


th =

    0.1953


zeta =

    0.1995
