Gp =
 
      40
  -----------
  0.1 s^2 + s
 
연속시간 전달 함수입니다.


G =
 
  0.004918 z + 0.004836
  ----------------------
  z^2 - 1.951 z + 0.9512
 
샘플 시간: 0.005 seconds
이산시간 전달 함수입니다.


Gc =
 
  0.004918 z + 0.004836
  ----------------------
  z^2 - 1.946 z + 0.9561
 
샘플 시간: 0.005 seconds
이산시간 전달 함수입니다.


zero =

   -0.9835


pole =

   0.9732 + 0.0950i
   0.9732 - 0.0950i


r =

    0.9778


th =

    0.0974


zeta =

    0.2248