Gp =
 
      40
  -----------
  0.1 s^2 + s
 
연속시간 전달 함수입니다.


G =
 
    0.2813 z + 0.2462
  ---------------------
  z^2 - 1.67 z + 0.6703
 
샘플 시간: 0.04 seconds
이산시간 전달 함수입니다.


Gc =
 
    0.2813 z + 0.2462
  ----------------------
  z^2 - 1.389 z + 0.9165
 
샘플 시간: 0.04 seconds
이산시간 전달 함수입니다.


zero =

   -0.8753


pole =

   0.6945 + 0.6589i
   0.6945 - 0.6589i


r =

    0.9574


th =

    0.7591


zeta =

    0.0573