
Gp =
 
      40
  -----------
  0.1 s^2 + s
 
연속시간 전달 함수입니다.


G =
 
   0.07492 z + 0.07009
  ----------------------
  z^2 - 1.819 z + 0.8187
 
샘플 시간: 0.02 seconds
이산시간 전달 함수입니다.


Gc =
 
   0.07492 z + 0.07009
  ----------------------
  z^2 - 1.744 z + 0.8888
 
샘플 시간: 0.02 seconds
이산시간 전달 함수입니다.


zero =

   -0.9355


pole =

   0.8719 + 0.3586i
   0.8719 - 0.3586i


r =

    0.9428


th =

    0.3902


zeta =

    0.1493