>> lead_digital

Ts =

         0.02


Gp =
 
      40
  -----------
  0.1 s^2 + s
 
연속시간 전달 함수입니다.


Gz =
 
   0.07492 z + 0.07009
  ----------------------
  z^2 - 1.819 z + 0.8187
 
샘플 시간: 0.02 seconds
이산시간 전달 함수입니다.


Gw =
 
  -0.001328 s^2 - 3.854 s + 398.7
  -------------------------------
     s^2 + 9.967 s + 2.766e-13
 
연속시간 전달 함수입니다.


alpha =

     0.049149


ans =

       13.085


ans =

         0.01       72.041       269.94
     0.010596       71.539       269.93
     0.011227       71.036       269.93
     0.011895       70.534       269.93
     0.012604       70.031       269.92
     0.013355       69.529       269.92
      0.01415       69.026       269.91
     0.014993       68.524       269.91
     0.015886       68.021        269.9
     0.016832       67.519       269.89
     0.017834       67.016       269.89
     0.018897       66.514       269.88
     0.020022       66.011       269.87
     0.021215       65.509       269.87
     0.022478       65.006       269.86
     0.023817       64.503       269.85
     0.025235       64.001       269.84
     0.026738       63.498       269.83
     0.028331       62.996       269.82
     0.030018       62.493       269.81
     0.031806       61.991        269.8
     0.033701       61.488       269.79
     0.035708       60.986       269.77
     0.037835       60.483       269.76
     0.040088       59.981       269.75
     0.042476       59.478       269.73
     0.045006       58.976       269.72
     0.047686       58.473        269.7
     0.050526       57.971       269.68
     0.053536       57.468       269.66
     0.056724       56.966       269.64
     0.060103       56.463       269.62
     0.063682       55.961        269.6
     0.067475       55.458       269.57
     0.071494       54.956       269.55
     0.075753       54.453       269.52
     0.080264        53.95       269.49
     0.085045       53.448       269.46
      0.09011       52.945       269.43
     0.095477       52.443        269.4
      0.10116        51.94       269.36
      0.10719       51.438       269.32
      0.11357       50.935       269.28
      0.12034       50.433       269.24
      0.12751        49.93        269.2
       0.1351       49.427       269.15
      0.14315       48.925        269.1
      0.15167       48.422       269.04
      0.16071       47.919       268.99
      0.17028       47.417       268.93
      0.18042       46.914       268.86
      0.19116       46.411        268.8
      0.20255       45.909       268.72
      0.21461       45.406       268.65
       0.2274       44.903       268.57
      0.24094         44.4       268.48
      0.25529       43.898       268.39
       0.2705       43.395        268.3
      0.28661       42.892       268.19
      0.30368       42.389       268.09
      0.32176       41.886       267.97
      0.34093       41.383       267.85
      0.36123        40.88       267.72
      0.38275       40.377       267.59
      0.40555       39.873       267.45
       0.4297        39.37       267.29
      0.45529       38.866       267.13
      0.48241       38.363       266.96
      0.51114       37.859       266.78
      0.54159       37.355       266.59
      0.57384       36.851       266.39
      0.60802       36.347       266.17
      0.64424       35.842       265.94
      0.68261       35.338        265.7
      0.72326       34.833       265.45
      0.76634       34.327       265.18
      0.81198       33.822       264.89
      0.86035       33.316       264.59
      0.91159       32.809       264.27
      0.96588       32.303       263.93
       1.0234       31.795       263.57
       1.0844       31.287       263.19
        1.149       30.778       262.79
       1.2174       30.269       262.36
       1.2899       29.759       261.91
       1.3667       29.248       261.43
       1.4481       28.735       260.93
       1.5344       28.222        260.4
       1.6258       27.707       259.84
       1.7226       27.191       259.24
       1.8252       26.673       258.61
       1.9339       26.154       257.95
       2.0491       25.632       257.25
       2.1711       25.108       256.51
       2.3004       24.582       255.73
       2.4374       24.053       254.91
       2.5826       23.521       254.04
       2.7364       22.985       253.13
       2.8994       22.446       252.17
       3.0721       21.902       251.17
       3.2551       21.354       250.11
        3.449       20.801          249
       3.6544       20.243       247.84
        3.872       19.678       246.63
       4.1027       19.107       245.36
        4.347       18.529       244.03
       4.6059       17.943       242.65
       4.8803       17.349       241.21
       5.1709       16.746       239.72
       5.4789       16.134       238.17
       5.8052       15.511       236.57
        6.151       14.877       234.92
       6.5173       14.232       233.21
       6.9055       13.575       231.47
       7.3168       12.906       229.67
       7.7526       12.223       227.84
       8.2143       11.528       225.97
       8.7036       10.819       224.06
        9.222       10.095       222.13
       9.7712       9.3584       220.17
       10.353       8.6074        218.2
        10.97       7.8425       216.21
       11.623       7.0639        214.2
       12.316       6.2718        212.2
       13.049       5.4667       210.19
       13.826       4.6491       208.18
        14.65       3.8194       206.17
       15.522       2.9784       204.18
       16.447       2.1267       202.19
       17.426       1.2651       200.21
       18.464      0.39429       198.25
       19.564     -0.48477        196.3
       20.729      -1.3713       194.36
       21.964      -2.2644       192.44
       23.272      -3.1631       190.53
       24.658      -4.0666       188.63
       26.127      -4.9741       186.74
       27.683      -5.8844       184.86
       29.332      -6.7968       182.98
       31.079      -7.7104       181.11
        32.93      -8.6242       179.24
       34.891      -9.5374       177.37
       36.969      -10.449        175.5
       39.171      -11.358       173.63
       41.504      -12.264       171.76
       43.976      -13.165       169.87
       46.595      -14.061       167.98
        49.37      -14.951       166.08
       52.311      -15.834       164.17
       55.427       -16.71       162.25
       58.728      -17.576       160.33
       62.226      -18.433        158.4
       65.932       -19.28       156.46
       69.859      -20.116       154.52
        74.02       -20.94       152.57
       78.428      -21.751       150.63
       83.099       -22.55        148.7
       88.049      -23.336       146.77
       93.293      -24.108       144.87
        98.85      -24.866       142.97
       104.74       -25.61       141.11
       110.98       -26.34       139.27
       117.58      -27.056       137.47
       124.59      -27.758        135.7
       132.01      -28.446       133.98
       139.87      -29.122       132.31
        148.2      -29.784       130.68
       157.03      -30.434       129.12
       166.38      -31.073       127.61
       176.29        -31.7       126.16
       186.79      -32.316       124.78
       197.92      -32.922       123.46
        209.7      -33.519       122.21
       222.19      -34.106       121.03
       235.43      -34.686       119.92
       249.45      -35.257       118.88
       264.31      -35.822       117.92
       280.05      -36.379       117.02
       296.73       -36.93       116.19
        314.4      -37.476       115.44
       333.13      -38.016       114.75
       352.97      -38.551       114.14
       373.99      -39.081        113.6
       396.27      -39.607       113.12
