Gp =
 
      10
  -----------
  0.1 s^2 + s
 
연속시간 전달 함수입니다.


G =
 
   0.01873 z + 0.01752
  ----------------------
  z^2 - 1.819 z + 0.8187
 
샘플 시간: 0.02 seconds
이산시간 전달 함수입니다.


Gc =
 
  0.01873 z + 0.01752
  --------------------
  z^2 - 1.8 z + 0.8363
 
샘플 시간: 0.02 seconds
이산시간 전달 함수입니다.


zero =

   -0.9355


pole =

   0.9000 + 0.1620i
   0.9000 - 0.1620i


r =

    0.9145


th =

    0.1781


zeta =

    0.4486