Gp =
 
      10
  -----------
  0.1 s^2 + s
 
연속시간 전달 함수입니다.


G =
 
  0.004837 z + 0.004679
  ----------------------
  z^2 - 1.905 z + 0.9048
 
샘플 시간: 0.01 seconds
이산시간 전달 함수입니다.


Gc =
 
  0.004837 z + 0.004679
  ---------------------
  z^2 - 1.9 z + 0.9095
 
샘플 시간: 0.01 seconds
이산시간 전달 함수입니다.


zero =

   -0.9672


pole =

   0.9500 + 0.0838i
   0.9500 - 0.0838i


r =

    0.9537


th =

    0.0879


zeta =

    0.4746