Gp =
 
      10
  -----------
  0.1 s^2 + s
 
연속시간 전달 함수입니다.


G =
 
   0.07032 z + 0.06155
  ---------------------
  z^2 - 1.67 z + 0.6703
 
샘플 시간: 0.04 seconds
이산시간 전달 함수입니다.


Gc =
 
  0.07032 z + 0.06155
  --------------------
  z^2 - 1.6 z + 0.7319
 
샘플 시간: 0.04 seconds
이산시간 전달 함수입니다.


zero =

   -0.8753


pole =

   0.8000 + 0.3031i
   0.8000 - 0.3031i


r =

    0.8555


th =

    0.3622


zeta =

    0.3958