Gp =
 
      10
  -----------
  0.1 s^2 + s
 
연속시간 전달 함수입니다.


G =
 
  0.001229 z + 0.001209
  ----------------------
  z^2 - 1.951 z + 0.9512
 
샘플 시간: 0.005 seconds
이산시간 전달 함수입니다.


Gc =
 
  0.001229 z + 0.001209
  ---------------------
  z^2 - 1.95 z + 0.9524
 
샘플 시간: 0.005 seconds
이산시간 전달 함수입니다.


zero =

   -0.9835


pole =

   0.9750 + 0.0426i
   0.9750 - 0.0426i


r =

    0.9759


th =

    0.0436


zeta =

    0.4874