>> lead

G =
 
      40
  -----------
  0.1 s^2 + s
 
연속시간 전달 함수입니다.


gm =

   Inf


pm =

       28.024


wcg =

   Inf


wcp =

       18.788


alpha =

      0.27099


ans =

       5.6705


ans =

            1       31.998      -95.711
       1.0353       31.693      -95.911
       1.0719       31.389      -96.118
       1.1098       31.084      -96.333
        1.149       30.778      -96.554
       1.1895       30.473      -96.784
       1.2316       30.167      -97.021
       1.2751       29.861      -97.266
       1.3201       29.554       -97.52
       1.3667       29.247      -97.782
        1.415        28.94      -98.054
        1.465       28.632      -98.334
       1.5167       28.324      -98.624
       1.5703       28.016      -98.924
       1.6258       27.707      -99.234
       1.6832       27.397      -99.554
       1.7426       27.087      -99.885
       1.8042       26.776      -100.23
       1.8679       26.465      -100.58
       1.9339       26.153      -100.95
       2.0022        25.84      -101.32
       2.0729       25.527      -101.71
       2.1461       25.212      -102.11
       2.2219       24.897      -102.53
       2.3004       24.581      -102.96
       2.3817       24.264       -103.4
       2.4658       23.946      -103.85
       2.5529       23.626      -104.32
       2.6431       23.306      -104.81
       2.7364       22.984       -105.3
       2.8331       22.661      -105.82
       2.9332       22.336      -106.35
       3.0368        22.01      -106.89
        3.144       21.682      -107.45
       3.2551       21.353      -108.03
       3.3701       21.021      -108.62
       3.4891       20.688      -109.23
       3.6123       20.353      -109.86
       3.7399       20.015      -110.51
        3.872       19.676      -111.17
       4.0088       19.334      -111.84
       4.1504       18.989      -112.54
        4.297       18.642      -113.25
       4.4488       18.292      -113.98
       4.6059       17.939      -114.73
       4.7686       17.584      -115.49
        4.937       17.225      -116.28
       5.1114       16.862      -117.07
        5.292       16.497      -117.89
       5.4789       16.127      -118.72
       5.6724       15.754      -119.56
       5.8728       15.377      -120.42
       6.0802       14.997       -121.3
        6.295       14.612      -122.19
       6.5173       14.222      -123.09
       6.7475       13.829      -124.01
       6.9859       13.431      -124.94
       7.2326       13.028      -125.88
       7.4881       12.621      -126.83
       7.7526       12.208      -127.78
       8.0264       11.791      -128.75
       8.3099       11.369      -129.73
       8.6035       10.942      -130.71
       8.9074       10.509      -131.69
        9.222       10.072      -132.68
       9.5477       9.6293      -133.67
        9.885       9.1814      -134.67
       10.234       8.7282      -135.66
       10.596       8.2699      -136.66
        10.97       7.8063      -137.65
       11.357       7.3375      -138.64
       11.758       6.8636      -139.62
       12.174       6.3846       -140.6
       12.604       5.9006      -141.57
       13.049       5.4116      -142.54
        13.51       4.9177      -143.49
       13.987        4.419      -144.44
       14.481       3.9156      -145.37
       14.993       3.4077       -146.3
       15.522       2.8953      -147.21
       16.071       2.3786      -148.11
       16.638       1.8576      -148.99
       17.226       1.3326      -149.86
       17.834      0.80366      -150.72
       18.464      0.27088      -151.56
       19.116     -0.26556      -152.39
       19.792     -0.80554      -153.19
       20.491      -1.3489      -153.99
       21.215      -1.8955      -154.76
       21.964      -2.4453      -155.52
        22.74       -2.998      -156.26
       23.543      -3.5535      -156.99
       24.374      -4.1118      -157.69
       25.235      -4.6726      -158.38
       26.127      -5.2359      -159.06
        27.05      -5.8016      -159.71
       28.005      -6.3694      -160.35
       28.994      -6.9394      -160.97
       30.018      -7.5113      -161.58
       31.079      -8.0851      -162.16
       32.176      -8.6607      -162.74
       33.313       -9.238      -163.29
        34.49      -9.8169      -163.83
       35.708      -10.397      -164.36
       36.969      -10.979      -164.86
       38.275      -11.562      -165.36
       39.627      -12.147      -165.84
       41.027      -12.732       -166.3
       42.476      -13.319      -166.75
       43.976      -13.906      -167.19
       45.529      -14.495      -167.61
       47.138      -15.085      -168.02
       48.803      -15.675      -168.42
       50.526      -16.266       -168.8
       52.311      -16.858      -169.18
       54.159      -17.451      -169.54
       56.072      -18.045      -169.89
       58.052      -18.639      -170.23
       60.103      -19.233      -170.55
       62.226      -19.828      -170.87
       64.424      -20.424      -171.18
       66.699       -21.02      -171.47
       69.055      -21.617      -171.76
       71.494      -22.214      -172.04
        74.02      -22.811      -172.31
       76.634      -23.409      -172.57
       79.341      -24.007      -172.82
       82.143      -24.606      -173.06
       85.045      -25.204      -173.29
       88.049      -25.803      -173.52
       91.159      -26.403      -173.74
       94.379      -27.002      -173.95
       97.712      -27.602      -174.16
       101.16      -28.202      -174.35
       104.74      -28.802      -174.55
       108.44      -29.403      -174.73
       112.27      -30.003      -174.91
       116.23      -30.604      -175.08
       120.34      -31.205      -175.25
       124.59      -31.806      -175.41
       128.99      -32.407      -175.57
       133.55      -33.008      -175.72
       138.26       -33.61      -175.86
       143.15      -34.211         -176
        148.2      -34.813      -176.14
       153.44      -35.414      -176.27
       158.86      -36.016       -176.4
       164.47      -36.618      -176.52
       170.28       -37.22      -176.64
       176.29      -37.822      -176.75
       182.52      -38.424      -176.86
       188.97      -39.026      -176.97
       195.64      -39.628      -177.07
       202.55      -40.231      -177.17
        209.7      -40.833      -177.27
       217.11      -41.435      -177.36
       224.78      -42.038      -177.45
       232.72       -42.64      -177.54
       240.94      -43.243      -177.62
       249.45      -43.845       -177.7
       258.26      -44.448      -177.78
       267.38       -45.05      -177.86
       276.83      -45.653      -177.93
       286.61      -46.256         -178
       296.73      -46.858      -178.07
       307.21      -47.461      -178.14
       318.06      -48.064       -178.2
        329.3      -48.666      -178.26
       340.93      -49.269      -178.32
       352.97      -49.872      -178.38
       365.44      -50.475      -178.43
       378.35      -51.077      -178.49
       391.71       -51.68      -178.54
       405.55      -52.283      -178.59
       419.87      -52.886      -178.64
        434.7      -53.489      -178.68
       450.06      -54.092      -178.73
       465.95      -54.694      -178.77
       482.41      -55.297      -178.81
       499.45        -55.9      -178.85
       517.09      -56.503      -178.89
       535.36      -57.106      -178.93
       554.27      -57.709      -178.97
       573.84      -58.312         -179
       594.11      -58.915      -179.04
        615.1      -59.518      -179.07
       636.82      -60.121       -179.1
       659.32      -60.724      -179.13
       682.61      -61.327      -179.16
