>> state_feedback

a =

     0   -10
     0     0


b =

     0
   -10


c =

     1     0


d =

     0


p =

 -15.0000 + 5.0000i -15.0000 - 5.0000i


k =

    2.5000   -3.0000


a1 =

     0   -10
    25   -30


h =
 
  A = 
        x1   x2
   x1    0  -10
   x2   25  -30
 
  B = 
        u1
   x1    0
   x2  -10
 
  C = 
       x1  x2
   y1   1   0
 
  D = 
       u1
   y1   0
 
연속시간 상태공간 모델입니다.