
Gp =
 
      40
  -----------
  0.1 s^2 + s
 
연속시간 전달 함수입니다.


G =
 
  0.0001993 z + 0.0001987
  -----------------------
    z^2 - 1.99 z + 0.99
 
샘플 시간: 0.001 seconds
이산시간 전달 함수입니다.


Gc =
 
  0.0001993 z + 0.0001987
  -----------------------
   z^2 - 1.99 z + 0.9902
 
샘플 시간: 0.001 seconds
이산시간 전달 함수입니다.


zero =

   -0.9967


pole =

   0.9949 + 0.0193i
   0.9949 - 0.0193i


r =

    0.9951


th =

    0.0194


zeta =

    0.2450