Gp =
 
      40
  -----------
  0.1 s^2 + s
 
연속시간 전달 함수입니다.


G =
 
   0.00124 z + 0.001229
  ----------------------
  z^2 - 1.975 z + 0.9753
 
샘플 시간: 0.0025 seconds
이산시간 전달 함수입니다.


Gc =
 
   0.00124 z + 0.001229
  ----------------------
  z^2 - 1.974 z + 0.9765
 
샘플 시간: 0.0025 seconds
이산시간 전달 함수입니다.


zero =

   -0.9917


pole =

   0.9870 + 0.0480i
   0.9870 - 0.0480i


r =

    0.9882


th =

    0.0486


zeta =

    0.2375