Gp =
 
      40
  -----------
  0.1 s^2 + s
 
연속시간 전달 함수입니다.


G =
 
  0.0007947 z + 0.0007894
  -----------------------
   z^2 - 1.98 z + 0.9802
 
샘플 시간: 0.002 seconds
이산시간 전달 함수입니다.


Gc =
 
  0.0007947 z + 0.0007894
  -----------------------
   z^2 - 1.979 z + 0.981
 
샘플 시간: 0.002 seconds
이산시간 전달 함수입니다.


zero =

   -0.9934


pole =

   0.9897 + 0.0384i
   0.9897 - 0.0384i


r =

    0.9904


th =

    0.0388


zeta =

    0.2400