Gp =
 
      40
  -----------
  0.1 s^2 + s
 
연속시간 전달 함수입니다.


G =
 
  0.0005093 z + 0.0005066
  -----------------------
  z^2 - 1.984 z + 0.9841
 
샘플 시간: 0.0016 seconds
이산시간 전달 함수입니다.


Gc =
 
  0.0005093 z + 0.0005066
  -----------------------
  z^2 - 1.984 z + 0.9846
 
샘플 시간: 0.0016 seconds
이산시간 전달 함수입니다.


zero =

   -0.9947


pole =

   0.9918 + 0.0308i
   0.9918 - 0.0308i


r =

    0.9923


th =

    0.0310


zeta =

    0.2420