Gp =
 
      40
  -----------
  0.1 s^2 + s
 
연속시간 전달 함수입니다.


G =
 
  0.0003112 z + 0.0003099
  -----------------------
  z^2 - 1.988 z + 0.9876
 
샘플 시간: 0.00125 seconds
이산시간 전달 함수입니다.


Gc =
 
  0.0003112 z + 0.0003099
  -----------------------
  z^2 - 1.987 z + 0.9879
 
샘플 시간: 0.00125 seconds
이산시간 전달 함수입니다.


zero =

   -0.9958


pole =

   0.9936 + 0.0241i
   0.9936 - 0.0241i


r =

    0.9939


th =

    0.0242


zeta =

    0.2437