Gp =
 
      10
  -----------
  0.1 s^2 + s
 
연속시간 전달 함수입니다.


G =
 
  4.983e-05 z + 4.967e-05
  -----------------------
    z^2 - 1.99 z + 0.99
 
샘플 시간: 0.001 seconds
이산시간 전달 함수입니다.


Gc =
 
  4.983e-05 z + 4.967e-05
  -----------------------
   z^2 - 1.99 z + 0.9901
 
샘플 시간: 0.001 seconds
이산시간 전달 함수입니다.


zero =

   -0.9967


pole =

   0.9950 + 0.0086i
   0.9950 - 0.0086i


r =

    0.9950


th =

    0.0087


zeta =

    0.4975