Gp =
 
      10
  -----------
  0.1 s^2 + s
 
연속시간 전달 함수입니다.


G =
 
  0.0003099 z + 0.0003073
  -----------------------
  z^2 - 1.975 z + 0.9753
 
샘플 시간: 0.0025 seconds
이산시간 전달 함수입니다.


Gc =
 
  0.0003099 z + 0.0003073
  -----------------------
  z^2 - 1.975 z + 0.9756
 
샘플 시간: 0.0025 seconds
이산시간 전달 함수입니다.


zero =

   -0.9917


pole =

   0.9875 + 0.0215i
   0.9875 - 0.0215i


r =

    0.9877


th =

    0.0217


zeta =

    0.4937