Gp =
 
      10
  -----------
  0.1 s^2 + s
 
연속시간 전달 함수입니다.


G =
 
  0.0001987 z + 0.0001974
  -----------------------
   z^2 - 1.98 z + 0.9802
 
샘플 시간: 0.002 seconds
이산시간 전달 함수입니다.


Gc =
 
  0.0001987 z + 0.0001974
  -----------------------
   z^2 - 1.98 z + 0.9804
 
샘플 시간: 0.002 seconds
이산시간 전달 함수입니다.


zero =

   -0.9934


pole =

   0.9900 + 0.0172i
   0.9900 - 0.0172i


r =

    0.9901


th =

    0.0174


zeta =

    0.4950