Gp =
 
      10
  -----------
  0.1 s^2 + s
 
연속시간 전달 함수입니다.


G =
 
  0.0001273 z + 0.0001266
  -----------------------
  z^2 - 1.984 z + 0.9841
 
샘플 시간: 0.0016 seconds
이산시간 전달 함수입니다.


Gc =
 
  0.0001273 z + 0.0001266
  -----------------------
  z^2 - 1.984 z + 0.9843
 
샘플 시간: 0.0016 seconds
이산시간 전달 함수입니다.


zero =

   -0.9947


pole =

   0.9920 + 0.0138i
   0.9920 - 0.0138i


r =

    0.9921


th =

    0.0139


zeta =

    0.4960