Gp =
 
      10
  -----------
  0.1 s^2 + s
 
연속시간 전달 함수입니다.


G =
 
  7.78e-05 z + 7.748e-05
  ----------------------
  z^2 - 1.988 z + 0.9876
 
샘플 시간: 0.00125 seconds
이산시간 전달 함수입니다.


Gc =
 
  7.78e-05 z + 7.748e-05
  ----------------------
  z^2 - 1.987 z + 0.9877
 
샘플 시간: 0.00125 seconds
이산시간 전달 함수입니다.


zero =

   -0.9958


pole =

   0.9938 + 0.0108i
   0.9938 - 0.0108i


r =

    0.9938


th =

    0.0108


zeta =

    0.4969